zero, 100277, 100277, 0, 47, 15.0, 17.2, 21.9, 28.5, 32.0, 1713380539
zero, 200630, 200630, 0, 61, 14.9, 17.1, 25.2, 29.7, 33.1, 1713380550
zero, 301433, 301433, 0, 98, 14.9, 18.4, 27.8, 33.0, 52.3, 1713380562
zero, 399838, 399838, 0, 375, 15.0, 19.2, 29.5, 34.9, 40.9, 1713380575
zero, 500633, 500633, 0, 139, 15.2, 20.1, 31.4, 37.3, 42.6, 1713380589
zero, 600199, 600199, 0, 146, 15.6, 21.3, 32.7, 39.7, 81.3, 1713380604
zero, 699079, 699079, 0, 169, 16.2, 22.6, 34.0, 41.3, 50.5, 1713380620
zero, 798837, 798837, 0, 220, 16.9, 24.4, 35.5, 43.7, 78.6, 1713380637
zero, 900088, 900088, 0, 230, 17.1, 25.7, 36.6, 45.8, 94.3, 1713380654
zero, 999462, 999462, 0, 272, 17.4, 26.9, 38.0, 47.3, 57.4, 1713380673
zero, 1100067, 1100067, 0, 268, 17.5, 27.5, 39.7, 50.1, 142.7, 1713380692
zero, 1200338, 1200338, 0, 760, 17.7, 27.8, 40.5, 51.0, 1180.3, 1713380712
zero, 1301613, 1301613, 0, 393, 18.4, 28.9, 43.3, 54.7, 71.3, 1713380734
zero, 1400619, 1400619, 0, 335, 18.3, 28.1, 43.0, 54.1, 67.8, 1713382749
zero, 1500380, 1500380, 0, 868, 19.0, 28.7, 45.1, 58.2, 3303.2, 1713380779
zero, 1598894, 1598894, 0, 1153, 19.1, 29.1, 46.2, 61.7, 2244.7, 1713380803
zero, 1698703, 1698703, 0, 1448, 19.8, 30.1, 46.9, 63.1, 2034.6, 1713380828
zero, 1803139, 1803139, 0, 627, 21.0, 32.3, 50.6, 68.5, 85.2, 1713380854
zero, 1900324, 1900324, 0, 689, 21.4, 32.7, 52.1, 73.5, 100.1, 1713380881
zero, 2000160, 2000160, 0, 716, 22.7, 34.9, 55.2, 82.5, 128.5, 1713380908
zero, 2100638, 2100638, 0, 798, 23.7, 37.1, 59.8, 87.6, 126.8, 1713380937
zero, 2199073, 2199073, 0, 808, 24.8, 41.2, 68.3, 97.0, 130.9, 1713380967
zero, 2298869, 2298869, 0, 959, 27.5, 51.2, 92.0, 131.0, 164.8, 1713380997
zero, 2395115, 2395115, 0, 1687, 29.8, 73.8, 136.4, 194.1, 262.7, 1713383023
zero, 2498092, 2498092, 0, 1963, 36.2, 152.6, 295.6, 427.7, 578.4, 1713381060
zero, 2593320, 2593320, 0, 3217, 42.6, 263.9, 488.0, 712.8, 1096.9, 1713381093
zero, 2692386, 2692386, 0, 5017, 80.0, 381.2, 726.1, 1019.2, 1372.4, 1713381127
zero, 2790434, 2790434, 0, 6296, 90.8, 504.6, 1051.2, 1626.7, 2077.8, 1713383158
zero, 2890676, 2890676, 0, 8951, 162.8, 689.5, 1411.2, 2309.7, 3877.4, 1713383195
zero, 2981539, 2981539, 0, 15302, 181.2, 802.7, 1720.7, 2923.3, 4160.9, 1713383232
