zero, 100464, 100464, 0, 38, 13.2, 14.7, 16.9, 19.1, 25.7, 1713381513
zero, 199682, 199682, 0, 54, 13.3, 14.7, 17.2, 19.8, 26.5, 1713381524
zero, 300152, 300152, 0, 80, 13.3, 14.6, 17.2, 19.6, 23.6, 1713381536
zero, 399095, 399095, 0, 152, 13.4, 15.1, 17.7, 20.7, 1296.3, 1713381558
zero, 499187, 499187, 0, 149, 13.6, 15.5, 18.7, 21.5, 26.3, 1713381572
zero, 600656, 600656, 0, 138, 13.8, 16.0, 19.0, 21.7, 27.8, 1713381587
zero, 700555, 700555, 0, 192, 13.9, 16.2, 19.3, 22.4, 31.6, 1713381603
zero, 799348, 799348, 0, 184, 14.2, 16.7, 20.0, 23.3, 27.7, 1713381620
zero, 901277, 901277, 0, 253, 14.4, 17.1, 20.7, 24.6, 32.8, 1713381638
zero, 998875, 998875, 0, 266, 14.6, 17.5, 21.3, 25.3, 30.0, 1713381656
zero, 1100173, 1100173, 0, 312, 15.1, 18.3, 22.4, 27.0, 32.6, 1713381676
zero, 1200628, 1200628, 0, 335, 15.5, 18.9, 23.3, 27.9, 32.8, 1713381697
zero, 1297830, 1297830, 0, 410, 15.8, 19.4, 24.3, 29.8, 36.5, 1713381718
zero, 1398593, 1398593, 0, 420, 16.1, 20.0, 25.5, 32.3, 40.5, 1713381740
zero, 1498855, 1498855, 0, 492, 16.8, 21.1, 27.4, 35.4, 44.8, 1713381763
zero, 1599726, 1599726, 0, 579, 17.6, 22.5, 30.0, 39.1, 47.1, 1713381787
zero, 1697617, 1697617, 0, 453, 18.0, 23.2, 31.7, 40.8, 47.5, 1713381812
zero, 1796314, 1796314, 0, 634, 18.8, 24.8, 35.5, 44.4, 52.1, 1713381838
zero, 1897517, 1897517, 0, 629, 19.5, 26.4, 37.9, 48.2, 61.6, 1713381865
zero, 1999266, 1999266, 0, 606, 21.0, 29.7, 43.5, 56.2, 70.4, 1713381892
zero, 2102472, 2102472, 0, 778, 22.3, 32.6, 48.5, 65.8, 87.7, 1713381921
zero, 2200718, 2200718, 0, 891, 23.7, 38.0, 59.2, 81.1, 103.5, 1713381950
zero, 2301468, 2301468, 0, 1184, 26.8, 47.3, 79.6, 112.0, 144.4, 1713381981
zero, 2397395, 2397395, 0, 1447, 31.3, 73.9, 139.5, 201.9, 278.1, 1713382406
zero, 2497858, 2497858, 0, 1316, 33.6, 101.9, 198.7, 296.9, 389.0, 1713382439
zero, 2597631, 2597631, 0, 2973, 43.4, 245.1, 458.2, 658.1, 846.9, 1713382077
zero, 2692099, 2692099, 0, 6758, 76.1, 394.0, 783.0, 1190.6, 2176.4, 1713382111
zero, 2795863, 2795863, 0, 6926, 127.1, 557.3, 1159.0, 1946.1, 2755.8, 1713382542
zero, 2890606, 2890606, 0, 8953, 169.8, 769.6, 1738.1, 2580.5, 3205.7, 1713382181
zero, 2984029, 2984029, 0, 14500, 186.7, 805.4, 1785.3, 2737.7, 3930.0, 1713382615
