rocksdb, 2482, 2482, 0, 12, 11.7, 26.1, 29.9, 43.3, 57.6, 1713378553
rocksdb, 5045, 5045, 0, 13, 2.0, 26.5, 30.0, 39.2, 47.2, 1713378564
rocksdb, 7468, 7468, 0, 0, 11.8, 26.8, 31.1, 38.3, 46.0, 1713378574
rocksdb, 10074, 10074, 0, 2, 11.6, 26.8, 31.8, 38.5, 44.8, 1713378585
rocksdb, 12577, 12577, 0, 1, 11.7, 27.1, 32.7, 38.9, 47.4, 1713378595
rocksdb, 15079, 15079, 0, 5, 11.3, 26.7, 32.6, 39.1, 47.7, 1713378606
rocksdb, 17526, 17526, 0, 2, 1.2, 27.1, 33.7, 42.4, 134.4, 1713378617
rocksdb, 19981, 19981, 0, 2, 11.5, 27.0, 34.0, 52.3, 170.8, 1713378627
rocksdb, 22453, 22453, 0, 40, 11.6, 27.2, 35.1, 108.8, 271.0, 1713378638
rocksdb, 25071, 25071, 0, 2, 1.5, 27.4, 39.2, 213.0, 429.6, 1713378649
rocksdb, 27463, 27463, 0, 49, 1.8, 27.6, 72.6, 274.7, 500.1, 1713378659
rocksdb, 29907, 29907, 0, 25, 11.5, 27.8, 126.0, 393.5, 794.8, 1713378670
rocksdb, 32355, 32355, 0, 8, 11.5, 28.5, 198.1, 493.2, 813.8, 1713378681
rocksdb, 35057, 35057, 0, 4, 2.1, 31.7, 286.7, 640.1, 1050.2, 1713378691
rocksdb, 37536, 37536, 0, 5, 11.5, 58.8, 432.2, 878.2, 1388.5, 1713378702
rocksdb, 39961, 39961, 0, 3, 3.1, 123.2, 661.4, 1311.0, 1934.8, 1713378713
rocksdb, 42690, 42690, 0, 6, 11.8, 254.0, 1118.7, 2219.1, 3833.8, 1713378723
rocksdb, 44843, 44843, 0, 3, 12.0, 669.7, 2685.6, 5796.3, 9386.2, 1713378734
rocksdb, 47484, 47484, 0, 4, 379.2, 15167.0, 284413.0, 305083.3, 310982.5, 1713378745
