rocksdb, 2456, 2456, 0, 4, 12.2, 14.4, 17.4, 24.9, 44.1, 1713375429
rocksdb, 5032, 5032, 0, 1, 12.1, 14.4, 17.8, 19.9, 23.0, 1713372851
rocksdb, 7518, 7518, 0, 0, 1.6, 14.2, 16.8, 18.9, 23.4, 1713372861
rocksdb, 9971, 9971, 0, 0, 12.0, 14.1, 16.5, 18.7, 20.8, 1713372872
rocksdb, 12637, 12637, 0, 3, 1.5, 14.1, 16.7, 19.2, 23.9, 1713372883
rocksdb, 15015, 15015, 0, 4, 1.5, 14.0, 16.5, 19.4, 21.7, 1713372893
rocksdb, 17478, 17478, 0, 4, 1.4, 13.9, 16.4, 19.9, 25.6, 1713372910
rocksdb, 19880, 19880, 0, 8, 11.5, 14.0, 16.9, 21.6, 31.4, 1713372921
rocksdb, 22517, 22517, 0, 3, 11.8, 13.9, 17.0, 22.2, 31.3, 1713372931
rocksdb, 25043, 25043, 0, 3, 1.4, 13.8, 18.7, 26.6, 35.3, 1713372942
rocksdb, 27433, 27433, 0, 6, 1.6, 13.9, 20.6, 31.0, 45.0, 1713372953
rocksdb, 29935, 29935, 0, 5, 1.7, 14.1, 22.7, 37.8, 51.1, 1713372963
rocksdb, 32634, 32634, 0, 5, 3.8, 14.6, 26.6, 41.2, 60.9, 1713372974
rocksdb, 35029, 35029, 0, 3, 3.4, 16.7, 32.3, 52.7, 73.8, 1713372985
rocksdb, 37573, 37573, 0, 3, 5.6, 19.9, 42.5, 73.8, 105.5, 1713372996
rocksdb, 39966, 39966, 0, 6, 5.1, 22.8, 55.9, 101.1, 153.1, 1713373006
rocksdb, 42502, 42502, 0, 74, 11.6, 37.5, 102.5, 189.5, 289.6, 1713375273
rocksdb, 44908, 44908, 0, 24, 16.5, 126.9, 320.9, 1107.3, 184968.5, 1713375130
rocksdb, 47598, 47598, 0, 3, 37.1, 282.4, 5979.2, 7667.2, 4175177.8, 1713373038
rocksdb, 50002, 49616, 1737, 9, 73.8, 324.8, 7857.2, inf, inf, 1713373049

rocksdb, 42690, 42690, 0, 104, 11.7, 42.1, 134.5, 262.3, 327.6, 1713375119
rocksdb, 44908, 44908, 0, 24, 16.5, 126.9, 320.9, 1107.3, 184968.5, 1713375130
rocksdb, 47503, 47503, 0, 21, 39.3, 290.8, 5917.3, 7595.2, 3872584.2, 1713375141
rocksdb, 49994, 49556, 1970, 26, 40.7, 324.4, 1612571.9, inf, inf, 1713375151

