ocksdb, 2496, 2496, 0, 5, 12.2, 15.0, 23.6, 34.9, 44.4, 1724560568
rocksdb, 5016, 5016, 0, 0, 12.2, 14.9, 20.6, 27.9, 44.6, 1724560579
rocksdb, 7495, 7495, 0, 14, 12.0, 14.7, 19.4, 26.9, 35.5, 1724560589
rocksdb, 10000, 10000, 0, 19, 2.2, 14.7, 18.9, 25.9, 38.6, 1724560600
rocksdb, 12489, 12489, 0, 0, 2.0, 14.5, 18.1, 23.2, 29.6, 1724560611
rocksdb, 14978, 14978, 0, 1, 1.9, 14.4, 17.7, 22.3, 30.1, 1724560621
rocksdb, 17553, 17553, 0, 4, 1.8, 14.3, 17.6, 21.0, 26.8, 1724560632
rocksdb, 20035, 20035, 0, 0, 11.8, 14.3, 17.4, 21.3, 28.8, 1724560643
rocksdb, 22569, 22569, 0, 0, 1.6, 14.1, 17.2, 21.0, 27.1, 1724560653
rocksdb, 25142, 25142, 0, 0, 1.7, 14.1, 17.3, 21.7, 28.7, 1724560664
rocksdb, 27511, 27511, 0, 36, 11.7, 14.3, 18.3, 25.5, 34.4, 1724560675
rocksdb, 29995, 29995, 0, 0, 11.4, 14.4, 20.3, 28.6, 37.5, 1724560685
rocksdb, 32592, 32592, 0, 0, 11.7, 14.9, 21.2, 31.5, 46.4, 1724560696
rocksdb, 35013, 35013, 0, 1, 5.2, 15.8, 25.0, 37.5, 58.1, 1724560707
rocksdb, 37369, 37369, 0, 2, 5.1, 16.9, 30.3, 49.3, 76.1, 1724560717
rocksdb, 40043, 40043, 0, 34, 10.7, 23.9, 56.2, 97.6, 153.6, 1724560728
rocksdb, 42588, 42588, 0, 32, 13.6, 60.5, 152.8, 503.6, 915.0, 1724560739
rocksdb, 44992, 44992, 0, 2, 23.4, 147.0, 6247.6, 7678.6, 3573737.8, 1724560749
