rocksdb, 2481, 2481, 0, 4, 12.0, 14.8, 21.7, 31.6, 42.8, 1724561033
rocksdb, 4962, 4962, 0, 2, 11.8, 14.5, 19.9, 29.0, 44.2, 1724561044
rocksdb, 7509, 7509, 0, 10, 12.1, 14.4, 18.9, 26.8, 42.0, 1724561055
rocksdb, 9972, 9972, 0, 11, 2.0, 14.3, 18.1, 24.5, 34.3, 1724561065
rocksdb, 12464, 12464, 0, 0, 1.9, 14.2, 17.5, 22.0, 29.3, 1724561076
rocksdb, 15039, 15039, 0, 1, 11.6, 14.2, 17.4, 21.4, 30.2, 1724561086
rocksdb, 17614, 17614, 0, 2, 1.6, 14.0, 17.2, 20.9, 25.9, 1724561097
rocksdb, 20097, 20097, 0, 0, 1.6, 14.0, 17.2, 21.1, 26.2, 1724561108
rocksdb, 22392, 22392, 0, 1, 1.7, 14.0, 17.5, 22.9, 33.9, 1724561118
rocksdb, 24985, 24985, 0, 43, 11.6, 14.2, 18.4, 27.2, 36.6, 1724561129
rocksdb, 27534, 27534, 0, 0, 11.4, 14.4, 20.4, 27.7, 36.7, 1724561140
rocksdb, 30015, 30015, 0, 0, 11.5, 15.1, 22.6, 32.9, 43.3, 1724561150
rocksdb, 32653, 32653, 0, 3, 11.6, 16.4, 29.6, 50.2, 76.7, 1724561161
rocksdb, 35168, 35168, 0, 0, 11.6, 18.6, 34.6, 55.7, 87.3, 1724561172
rocksdb, 37387, 37387, 0, 3, 11.7, 27.1, 70.9, 135.0, 182.3, 1724561182
rocksdb, 39947, 39947, 0, 3, 13.8, 82.9, 191.4, 4809.2, 1760687.8, 1724561193
rocksdb, 42471, 42471, 0, 2, 32.2, 178.7, 6651.8, 7637.7, 4111513.0, 1724561204
