rocksdb, 2483, 2483, 0, 6, 11.8, 13.9, 17.6, 26.0, 35.6, 1713370950
rocksdb, 4978, 4978, 0, 1, 11.8, 13.8, 16.4, 19.9, 24.9, 1713370960
rocksdb, 7550, 7550, 0, 2, 1.0, 13.7, 16.2, 18.2, 21.2, 1713370971
rocksdb, 9966, 9966, 0, 4, 1.0, 13.7, 16.3, 18.7, 23.6, 1713370982
rocksdb, 12437, 12437, 0, 4, 1.0, 13.6, 16.2, 18.1, 22.9, 1713370992
rocksdb, 14924, 14924, 0, 5, 1.0, 13.6, 16.4, 18.5, 34.5, 1713371003
rocksdb, 17484, 17484, 0, 0, 11.4, 13.5, 16.2, 18.3, 124.1, 1713371014
rocksdb, 20082, 20082, 0, 3, 1.0, 13.4, 16.3, 38.7, 217.0, 1713371024
rocksdb, 22444, 22444, 0, 50, 11.6, 13.4, 16.7, 92.1, 294.6, 1713371035
rocksdb, 25046, 25046, 0, 0, 11.3, 13.3, 17.9, 166.8, 358.3, 1713371046
rocksdb, 27390, 27390, 0, 9, 11.3, 13.4, 64.9, 256.4, 466.5, 1713371056
rocksdb, 29881, 29881, 0, 6, 1.8, 13.4, 110.8, 312.0, 503.1, 1713371067
rocksdb, 32376, 32376, 0, 3, 1.7, 13.6, 187.1, 441.1, 871.9, 1713371078
rocksdb, 35017, 35017, 0, 4, 1.7, 16.8, 277.3, 578.4, 913.7, 1713371088
rocksdb, 37496, 37496, 0, 6, 2.7, 55.7, 410.5, 889.4, 1512.5, 1713371099
rocksdb, 40074, 40074, 0, 4, 2.6, 120.9, 591.6, 1169.7, 1971.2, 1713371110
rocksdb, 42640, 42640, 0, 1, 11.4, 236.4, 989.5, 1819.7, 2685.6, 1713371120
rocksdb, 44992, 44992, 0, 5, 11.4, 557.1, 1918.7, 3528.7, 4991.5, 1713371131
rocksdb, 47337, 47337, 0, 4, 60.3, 15907.8, 40300.8, 48701.5, 51498.8, 1713371142
