rocksdb, 2471, 2471, 0, 4, 12.2, 14.4, 18.9, 31.0, 39.2, 1724561378
rocksdb, 5001, 5001, 0, 0, 11.9, 14.3, 17.9, 22.8, 42.3, 1724561389
rocksdb, 7448, 7448, 0, 11, 1.3, 14.2, 17.5, 22.5, 39.3, 1724561399
rocksdb, 10049, 10049, 0, 0, 11.9, 14.1, 17.1, 20.2, 24.5, 1724561410
rocksdb, 12488, 12488, 0, 0, 1.3, 14.1, 16.9, 19.8, 27.9, 1724561421
rocksdb, 15030, 15030, 0, 0, 1.3, 14.0, 16.9, 19.8, 130.6, 1724561431
rocksdb, 17456, 17456, 0, 19, 1.2, 14.0, 16.9, 21.8, 32.8, 1724561442
rocksdb, 19955, 19955, 0, 1, 1.2, 13.8, 16.8, 24.4, 34.4, 1724561452
rocksdb, 22352, 22352, 0, 1, 11.6, 13.8, 17.2, 30.8, 50.9, 1724561468
rocksdb, 25115, 25115, 0, 1, 11.6, 13.8, 19.5, 42.1, 63.6, 1724561479
rocksdb, 27556, 27556, 0, 1, 1.5, 13.8, 26.2, 48.6, 72.8, 1724561489
rocksdb, 30152, 30152, 0, 0, 11.6, 13.9, 31.1, 53.2, 86.3, 1724561500
rocksdb, 32453, 32453, 0, 35, 2.1, 14.6, 37.4, 67.8, 98.9, 1724561511
rocksdb, 34969, 34969, 0, 0, 2.2, 17.2, 49.3, 92.8, 171.7, 1724561521
rocksdb, 37562, 37562, 0, 0, 3.4, 23.7, 59.6, 106.7, 163.5, 1724561532
rocksdb, 39932, 39932, 0, 1, 9.6, 29.7, 79.5, 154.5, 275.0, 1724561543
rocksdb, 42523, 42523, 0, 2, 7.1, 52.4, 160.8, 279.3, 394.9, 1724561554
rocksdb, 44945, 44945, 0, 1, 12.0, 110.1, 343.3, 594.7, 662.0, 1724561564
rocksdb, 47296, 47296, 0, 1, 32.2, 385.3, 5211.8, 7675.7, 4405283.0, 1724561575
rocksdb, 49994, 49994, 0, 0, 76.7, 592.7, 6850.9, 3027007.8, 4616004.5, 1724561586