rocksdb, 4999, 4999, 0, 20, 12.2, 14.4, 17.2, 25.9, 64.8, 1713363491
rocksdb, 10008, 10008, 0, 22, 1.1, 14.2, 16.8, 19.7, 37.3, 1713363501
rocksdb, 15033, 15033, 0, 21, 11.9, 14.1, 16.6, 19.4, 45.0, 1713363512
rocksdb, 19959, 19959, 0, 31, 11.8, 13.9, 16.6, 39.3, 131.8, 1713363523
rocksdb, 25042, 25042, 0, 4, 1.2, 13.8, 18.1, 91.8, 167.6, 1713363533
rocksdb, 30009, 30009, 0, 1, 11.7, 13.9, 69.7, 150.8, 238.0, 1713363544
rocksdb, 34993, 34993, 0, 5, 11.5, 16.8, 116.5, 266.6, 406.1, 1713363554
rocksdb, 39984, 39984, 0, 4, 11.5, 68.4, 237.5, 468.1, 784.6, 1713363565
rocksdb, 45024, 45024, 0, 6, 11.8, 224.0, 785.9, 1578.7, 2511.7, 1713363576
rocksdb, 49977, 49713, 1188, 59, 250.5, 1790.1, 2460474.0, inf, inf, 1713363587
