149850,49949,4915,12731,20558,25073,10011140,10028825
329830,109942,4853,15147,25495,132335,10013469,10775943
480522,160171,4872,16284,29471,10001440,10025678,11740222
660323,220104,4847,17191,41294,10001598,10873268,18055194
690115,230035,4849,17208,46211,10001930,11499044,20391896
721516,240502,4859,17311,46921,234168,11476074,33172419
750221,250070,4853,17249,51776,10001372,13217416,72767725
763516,254502,4849,17134,54541,10001713,14276985,77727289
780848,260279,4838,17049,56939,1342139,15779993,82891474
794485,264825,4831,16555,62800,10001656,18709464,152722219
810351,270113,4830,15331,78071,10036134,22423718,743700488
826266,275418,4838,13960,87937,10048667,23304035,532375453
840324,280104,4850,6053,510749,10270172,25554600,644719458
853820,284602,4828,6301,5122617,18335237,33313362,2150677872
863575,287854,4844,5804,3362799,18108955,31477612,2426567593
870503,290163,4814,6266,3849898,17726556,30213668,946468672
877874,292620,4849,14537,6762198,17598377,28543562,1859169423