80395,10049,5104,12443,17862,10007832,10009341,10256123
159725,19965,4900,12379,18284,24691,10009334,10259444
239684,29960,4900,12452,19133,29843,10010112,10060379
319846,39980,4921,12550,19970,10007516,10010809,10327675
399007,49875,4906,12723,20492,76346,10011218,10195646
480203,60025,4895,12982,21310,10001422,10011706,10302107
560749,70093,4889,13579,22332,10005099,10012186,10355981
640306,80037,4894,13967,22904,34701,10012453,10392064
719905,89987,4880,14377,23704,39298,10012813,10360214
799652,99956,4851,14716,24345,33282,10012997,10426238
880238,110029,4855,15128,25510,10001321,10013791,10412767
960913,120113,4874,15320,25898,10001340,10014145,10901528
1041870,130233,4849,15694,27252,10001091,10014922,10363937
1120928,140115,4857,15823,27545,55588,10015563,10307228
1200696,150086,4866,16021,28258,176850,10017701,10815201
1278070,159758,4863,16182,28749,123190,10022103,10704608
1360517,170063,4850,16452,29909,179748,10037642,10935418
1441371,180170,4854,16588,30661,10001274,10066258,11490765
1519314,189913,4856,16728,32122,10001223,10126318,15298102
1601258,200156,4847,16994,33520,220522,10181433,15876310
1681688,210210,4847,17040,38550,10001222,10436953,20584566
1760463,220056,4856,17152,45864,10001090,10604560,36887952
1838619,229826,4840,17251,56115,10001567,10830948,64822189
1922107,240262,4846,17352,70440,2105090,11186653,38818475
1998078,249758,4836,17215,102768,4500558,11880915,72406645
2020102,252511,4843,17192,109131,6923158,12085346,66951522
2038787,254847,4825,17147,133775,10018737,12895426,168078616
2061769,257719,4833,17120,150271,10024202,13165652,122485898
2079914,259987,4837,17078,226322,10064894,14012871,191086966
2100147,262517,4828,17111,160928,10024551,13065738,73291198
2123355,265418,4819,17043,193405,10020707,13687614,237586057
2141516,267688,4839,16979,227851,10074668,14264333,176179018
2160800,270098,4797,16866,254008,10116052,14665497,229713358
2181096,272635,4828,16916,245342,10043190,14359610,168041767
2199466,274932,4839,16739,314575,10205869,16069332,164035163
2220033,277502,4795,16672,301466,10223151,15260014,349669252
2242228,280276,4836,16596,323963,10162586,15796391,251580763
2259230,282402,4824,16520,374490,10287839,16798037,277596305
2277348,284667,4829,16359,403318,10313844,18043552,624579102
857193,285727,4832,16440,380861,10221564,16694718,156461775
860758,286915,4837,16215,447751,10563432,18527870,530195203
862559,287516,4844,16239,400852,10437506,17949736,289780559
867806,289264,4841,15645,570737,12327288,25321871,649108085
870013,290000,4844,15919,528239,11019457,23588201,1357761040
872443,290810,4838,15866,569184,12241095,26747595,757570537
876043,292010,4839,16188,3235928,11431607,22988892,822651412
