80588,10073,5235,12197,17405,22082,10008677,10021547
159857,19982,5052,12317,18254,10007555,10009639,10030741
239845,29980,4956,12378,19018,63498,10010133,10330635
319503,39937,4944,12646,20010,10001336,10010884,10455216
400947,50118,4912,12735,20602,10004754,10011000,10437175
480752,60093,4852,13101,21662,10001728,10011625,10506461
558810,69850,4876,13476,22200,10001181,10011880,10518232
641252,80156,4869,14027,23128,10001395,10012322,10483129
719697,89961,4861,14350,23623,10001015,10012684,10575569
800798,100099,4860,14720,24455,10001236,10013116,10566181
879553,109943,4883,14986,25118,46378,10013289,10737136
960163,120019,4859,15341,25963,10001159,10014000,10613927
1038162,129769,4877,15545,26562,10001056,10014627,10581036
1121175,140146,4863,15793,27471,10001268,10016159,10993948
1201134,150141,4865,16008,28203,181915,10017224,11251568
1280298,160036,4841,16264,29258,10001379,10026247,11179154
1359669,169957,4861,16441,29748,63835,10030543,11155133
1440191,180023,4864,16571,30858,10001334,10085883,12081538
1519225,189902,4854,16711,31740,10001236,10099323,13596706
1599605,199949,4852,16957,33915,10001054,10222805,15604470
1680508,210062,4853,16986,35882,10001410,10376452,18779845
1758898,219861,4851,17117,37972,219900,10532933,28159998
1839575,229945,4829,17240,44611,2168282,11254028,65068228
1919657,239956,4844,17174,46182,1225047,11428802,44039144
2001019,250126,4850,17099,51609,1491838,13239875,59695390
2018794,252348,4823,16950,55389,10001409,15107197,154360678
2039285,254909,4844,16662,61310,10017181,18156691,227347807
2059909,257487,4841,16715,58299,10001480,16516337,237745549
2081289,260159,4821,16703,56801,2917286,15856004,120357457
2098518,262313,4842,16316,67069,10014072,19232782,142080176
2122112,265262,4835,15706,73789,10053609,20677379,327436013
2139357,267418,4823,15685,76796,10035386,20930881,650730517
2161332,270165,4828,15306,76920,10044031,21035072,543493945
2179358,272418,4779,15370,76552,10035319,20714862,560401995
2201121,275138,4815,14027,84614,10037480,22098903,583022998
2218848,277354,4810,6157,116226,10186223,24204219,1859713115
2242646,280329,4838,6321,589694,10188202,22785813,1377106812
2261056,282630,4840,5906,1181673,12108418,27938049,3577564592
2280367,285044,4838,5840,4527016,18093527,31865479,4110741976
2301841,287728,4828,5833,2901948,17286314,32117877,2568507884
2320564,290069,4836,6156,9198909,17782205,29952544,5506759659
2338750,292342,4826,5998,5863861,16704743,29908794,1876379324