10000,10008,4760,4835,4882,4941,7317,13626985,13701399,13780268
20000,20049,4750,4827,4878,4942,6910,13620448,13696588,13719910
30000,29999,4751,4829,4883,4955,7128,13627595,13712266,21458740
40000,40105,4746,4826,4881,4961,6480,13631944,13695433,13710532
50000,49997,4744,4826,4887,4978,7241,13641892,13697887,13876528
60000,59848,4747,4832,4896,4988,6505,13627521,13689643,13706315
70000,69962,4747,4833,4899,4996,6581,13625256,13686167,13705379
80000,79982,4749,4842,4916,5023,6853,13619288,13681164,13712052
90000,90094,4751,4846,4926,5041,7058,13621912,13684871,13717103
100000,99783,4749,4847,4930,5048,6832,13617189,13676653,13708220
110000,109989,4750,4855,4947,5076,8402,13621990,13683816,13977071
120000,119714,4748,4855,4953,5088,7344,13621338,13705643,13800376
130000,130143,4747,4858,4961,5105,7321,13621219,13715262,13804134
140000,139841,4753,4875,4991,5154,7944,13639228,13862284,14331474
150000,150038,4746,4880,5015,5208,8714,13665125,14409095,14876926
160000,160103,4750,4889,5029,5237,8556,13693692,14265514,16095177
170000,170343,4756,4912,5086,5423,9469,13880207,16740345,18355109
180000,179735,4762,4930,5122,5509,9921,13859940,18335141,20799700
190000,190385,4770,4966,5197,5731,10403,14131931,18712176,20949941
200000,199679,4785,5051,5611,7976,13333,16095909,25801166,28685951
210000,209771,4802,5139,6209,8689,14543,18075370,28031551,29938072
220000,220281,4806,5183,6376,9493,19150,17817239,38078590,40998608
230000,230070,4844,5520,7468,10252,21176,19694433,41961494,44556045
240000,239699,4933,7635,11265,15843,23082,29040974,45054325,46706465
250000,249675,5004,10264,15784,21344,32019,37923331,59257472,62133255
260000,259561,108138,173717,197496,217142,205550,222974,426610617,429448553
270000,270402,235899,329705,430780,412573,853284,417114,882938203,886497734
280000,279900,560313,716223,813878,872862,713699,705125,1388449,1644242796
290000,290041,1096202,1378471,1165058,2148991,1111739,1128825,2209365,2588368814
300000,300077,1599910,1861642,2005499,2074870,3218082,4174011,5486505,2920933058
310000,310281,2489659,2696046,2854194,2941088,5050432,5949276,5061964229,5092470035
320000,320109,3527763,3864065,4010708,4114338,3740262,3768464,7485195,6869717429
330000,329713,4653574,5087046,5276773,5404078,9581883,10864693,15612620,6869717429
340000,340137,6027692,6374174,6632296,6842248,6688469,6662096,13271594,10752384080
350000,349288,8082052,8457885,7993276,7794589,7646149,7673934,15284431,13031579011
360000,360583,9212979,9672673,9946033,10212596,18703156,20540851,29834232,15152983675
