30000,29999,4713,4787,4834,4891,6225,10610735,10626892,10650103
70000,69962,4715,4789,4840,4910,5675,10611776,10628972,10646236
110000,109989,4717,4795,4854,4945,6959,10608365,10625821,10932359
150000,150038,4721,4806,4875,4977,7673,10607314,10623252,10633899
220000,220281,4732,4833,4932,5102,23006,10619007,12996712,15150510
260000,259561,4740,4867,5068,10338,28861,11107033,13896786,18585970
300000,300077,4779,5242,18684,28495,62904,15093479,25877097,29812138
310000,310281,4795,9689,22223,31216,61107,16315424,23274043,28525285
320000,320109,4804,12164,24606,45201,78337,17859524,30369548,32426632
330000,329713,4949,35150,74658,110328,164398,37084518,59840553,60697124
340000,340137,63468,126907,267910,433889,509132,116418830,172508779,173589330
350000,349288,451411,653200,741644,790108,867630,262100710,286912079,289605853
360000,360583,644822,1387142,1974583,2163931,2037185,2074412,713443270,716300623