10000,10008,4727,4798,4842,4894,5453,11793555,11809694,11814542
20000,20049,4734,4811,4859,4915,7885,11797528,11815115,11830203
30000,29999,4736,4812,4861,4923,6296,11794475,11809811,11813999
40000,40105,4730,4806,4856,4925,6303,11794552,11810743,11828531
50000,49997,4730,4808,4862,4940,7089,11790919,11809001,13460617
60000,59848,4734,4813,4869,4949,6436,11790331,11809575,11818637
70000,69962,4733,4812,4869,4954,6210,11788249,11806748,11819125
80000,79982,4729,4812,4874,4968,7314,11789069,11806002,11817290
90000,90094,4727,4811,4877,4975,6908,11787480,11807198,11821435
100000,99783,4735,4822,4889,4988,7236,11789627,11808941,11827168
110000,109989,4732,4822,4895,5001,7723,11787780,11810260,12132087
120000,119714,4733,4824,4899,5006,7126,11784401,11801656,11816416
130000,130143,4729,4821,4899,5009,6668,11783225,11801165,11814038
140000,139841,4734,4835,4944,5179,7638,11955213,13255843,14779226
150000,150038,4735,4837,4925,5046,8276,11789299,11814716,11944614
160000,160103,4734,4837,4928,5052,7943,11788466,11819104,12070237
170000,170343,4727,4834,4933,5073,8659,11796787,12389107,12940303
180000,179735,4732,4844,4946,5088,8760,11796919,12249967,13310923
190000,190385,4736,4854,4963,5116,9367,11800882,12691386,14827587
200000,199679,4741,4869,4995,5205,9657,11860541,13025138,14500924
210000,209771,4745,4882,5027,5399,11879,11972474,15296045,19267842
220000,220281,4744,4885,5040,5581,14352,12028813,18829648,21467337
230000,230070,4747,4900,5069,5646,10637,12056626,14607636,15743104
240000,239699,4751,4925,5174,6964,14678,12489707,18522318,21540148
250000,249675,4759,4944,5260,7483,12237,12824507,16849442,18461004
260000,259561,4773,5097,7201,10207,18547,14983535,20663131,25903029
270000,270402,4792,5220,8200,12142,22522,16248588,25416260,29681248
280000,279900,4836,8456,13395,21963,31888,22913395,34218647,38718327
290000,290041,4855,8704,13905,18734,30265,22617788,32159553,37090629
300000,300077,9390,51418,71534,86514,117258,85219514,122900061,124862025
310000,310281,117521,220190,262549,274009,307213,281901824,298476679,300354945
320000,320109,198487,364599,409711,445979,460959,431255032,473147189,474908175
330000,329713,595926,839052,975645,1076452,933680,922902,927424,1040839719
340000,340137,1221395,1553107,1798366,1959847,1537942,1485129,1500084,1774926340
350000,349288,2728695,3094102,2674665,2475621,2392436,2348442,2344202,2829528748
360000,360583,3510970,4045571,4386984,4567398,4678119,4696583,8590432,3116612115
