55299.641,55504.667,4736,6225,6916,7417,10849783,11047820
110599.282,110562.667,4661,4845,6605,7609,10856570,12054390
165898.923,165997.333,4656,4827,6621,366596,10859157,12416815
171428.887,171935.333,4660,4838,6756,1897800,10834216,12507625
176958.852,176975.000,4658,5122,20493,3266478,10854025,14005487
182488.816,182695.000,4661,4840,8525,10054543,10879732,12598890
188018.780,187665.333,4666,4842,14892,2236190,10928982,12703200
193548.744,193076.000,4656,4882,1398684,10076427,10960034,15258292
199078.708,198689.333,4659,5133,828131,2473799,10887220,13419415
204608.672,204865.333,4668,4962,589342,10050551,10874301,12874191
210138.636,210136.667,4667,4968,1189225,2621649,10999127,13451755
215668.600,215687.667,4669,5059,820038,2999852,10982661,13963554
221198.564,221162.000,4664,5142,1983184,10051137,10921680,14558258