37050.760,37186.000,4615,5180,7067,10326776,10388053,11019894
74101.519,73981.333,4594,5147,6642,10315731,10364170,10977050
111152.279,111183.000,4610,5254,6977,8487,10440338,11720233
148203.038,148622.333,4577,5200,7366,10333518,10583601,11001523
185253.798,185360.000,4605,5244,9003,31490,10709250,11133464
222304.557,222087.000,4594,5307,16695,31767,10802243,12007035
259355.317,259379.667,4609,5517,28115,10358931,11116799,14234356
296406.076,295872.000,4616,7519,55044,10604147,14217625,25022766
303816.228,304001.667,4622,8912,85963,10412326,16366174,35114109
311226.380,311325.667,4597,15074,97305,10697586,18848429,38223252
318636.532,318739.333,4566,13283,108240,137291,16724241,41425659
326046.684,325771.000,4608,22199,134346,147812,33671320,48603188
337161.912,337077.000,4583,38385,250440,274371,40954340,86636079
348277.140,348315.333,48915,197109,421695,433543,121076269,140494830
351982.216,352130.333,321351,459150,745374,755264,230517765,240361527
355687.292,355399.333,575925,942482,1176670,1189157,368244471,378564012
363097.443,361894.000,859826,1540919,1792030,1814418,518947190,560236969
