37050.760,36941.333,4659,5972,7803,11240625,11646001,12216457
74101.519,73855.667,4587,5140,7054,10126,11148604,12080225
111152.279,110892.000,4578,5160,7319,9738,11452389,12505789
148203.038,148383.333,4591,5271,8599,11039142,11906643,12911869
185253.798,185569.333,4581,5347,11684,11090319,12200483,13234176
222304.557,222423.667,4607,5539,16047,20779,12512190,19434344
259355.317,259087.333,4562,6442,23132,31034,13779988,26900056
296406.076,295957.667,4603,11600,40333,47630,27512121,40290604
326046.684,325394.000,342694,625665,825309,834364,634344273,710447762
333456.836,332988.000,449770,961019,1167331,1181305,925543560,1008014063
