37050.760,37114.667,4626,5512,7486,9383,10710040,10815968
74101.519,73998.667,4602,5203,6807,10514835,10591210,10871995
111152.279,111134.667,4590,5189,6966,8764,10667224,11193089
148203.038,147928.000,4583,5234,7794,10519240,10940703,11638300
185253.798,185110.000,4593,5288,10604,22802,11083432,11695768
222304.557,221705.667,4616,5423,21163,10645379,11320208,18449807
259355.317,259101.000,4611,5655,23521,10693491,11848486,19651759
296406.076,296560.000,4619,7966,30497,10882422,13812074,22680515
303816.228,303768.667,4626,9205,44510,10892993,15565380,28474905
311226.380,310754.333,4627,8310,35450,45934,14274034,24488811
318636.532,318384.000,4630,13175,60324,73343,22322604,35348175
326046.684,325879.333,4629,16220,66594,74659,23829858,36513091
337161.912,336807.333,15729,115762,176170,193374,78930753,87517943
340866.988,340849.000,110313,331793,435906,444759,190124573,210744480
344572.064,344108.667,268983,600445,885705,895693,346962935,420829451
348277.140,347652.667,433306,900314,1180649,1189332,512645152,559734179
359392.368,359091.333,807805,1348695,1997291,2007328,711466388,880465339
