89348,29782,4870,19036,38115,10089170,10822564,11632355
209792,69929,4871,21611,45018,57229,11326119,12167519
330292,110095,4860,20221,48141,132118,11446556,12319191
449461,149818,4858,18474,49126,10186390,11562125,12458289
568774,189588,4840,17717,49808,10024441,11692614,14482103
690752,230247,4841,16655,50633,10078264,12263168,41508750
764789,254926,4844,15568,56307,4480747,14542408,122790750
794823,264937,4843,14678,73010,5603814,17108049,143823903
826682,275557,4821,6178,168980,11270347,20851512,425329298
854349,284779,4834,5921,272681,13728761,27485406,978787171
871430,290472,4836,6127,5178838,16630081,30128943,1545298186