30000,0,4193607471,0.838716,1,4233500787,0.846694,2,4222513613,0.844497,3,4213363459,0.842667,4,4212019515,0.842398,5,4221656194,0.844325,6,4205741445,0.841142,7,4209687945,0.841932,8,4200235628,0.840041,9,4205081083,0.84101,10,4244420887,0.848878,11,4247793880,0.849553,12,4213568893,0.842708,13,4205935199,0.841181,14,4220739077,0.844142,15,4197882030,0.83957,16,4205348406,0.841064,17,4220007291,0.843995,18,4202576190,0.840509,19,4213875965,0.842769,Total,84289554958,0.84289
70000,0,3528014213,0.705598,1,3532787335,0.706553,2,3509358205,0.701867,3,3524520881,0.704899,4,3536654201,0.707326,5,3541442793,0.708284,6,3546985068,0.709392,7,3522435204,0.704482,8,3537196474,0.707435,9,3505908064,0.701177,10,3535496749,0.707095,11,3490011046,0.697998,12,3524219950,0.704839,13,3510153022,0.702026,14,3522289419,0.704453,15,3526797067,0.705355,16,3541121946,0.70822,17,3522709593,0.704537,18,3533539657,0.706703,19,3517529494,0.703501,Total,70509170381,0.705087
110000,0,2813600943,0.562717,1,2811577036,0.562312,2,2867910168,0.573579,3,2863544299,0.572706,4,2739547858,0.547907,5,2804452014,0.560887,6,2892419026,0.578481,7,2792344377,0.558466,8,2803938051,0.560785,9,2816995741,0.563396,10,2839408092,0.567879,11,2816587909,0.563315,12,2831592626,0.566315,13,2865905225,0.573178,14,2919635888,0.583924,15,2800177969,0.560033,16,2850471250,0.570091,17,2836178380,0.567233,18,2893710763,0.578739,19,2839289415,0.567855,Total,56699287030,0.56699
150000,0,2166779748,0.433353,1,2216912215,0.443379,2,2154817759,0.43096,3,2060037434,0.412005,4,2111156836,0.422228,5,2224151498,0.444827,6,2280698604,0.456136,7,2220382607,0.444073,8,2042330480,0.408463,9,2022109185,0.404419,10,2077221988,0.415441,11,2117320599,0.423461,12,2168773383,0.433752,13,2080373867,0.416072,14,2140048767,0.428007,15,2043035206,0.408604,16,2048152052,0.409628,17,2112566253,0.42251,18,2027591454,0.405515,19,2181000859,0.436197,Total,42495460794,0.424952
190000,0,1711717298,0.342342,1,1626898934,0.325378,2,1454435677,0.290886,3,1352354751,0.27047,4,1640383107,0.328075,5,1694838295,0.338966,6,1476198246,0.295238,7,1539133308,0.307825,8,1522612611,0.304521,9,1420668328,0.284132,10,1491941419,0.298387,11,1434810777,0.286961,12,1504104611,0.300819,13,1575584186,0.315115,14,1647130462,0.329424,15,1410388459,0.282076,16,1557342064,0.311467,17,1474919372,0.294982,18,1505876789,0.301174,19,1421369453,0.284272,Total,30462708147,0.304626
230000,0,976735396,0.195346,1,851848412,0.170369,2,956945826,0.191388,3,926755998,0.18535,4,930231968,0.186046,5,1085173896,0.217034,6,1013365100,0.202672,7,909080790,0.181815,8,862038278,0.172407,9,984003905,0.1968,10,898039347,0.179607,11,885769306,0.177153,12,1009505302,0.2019,13,837106601,0.167421,14,823310821,0.164661,15,929233299,0.185846,16,1078840307,0.215767,17,946339484,0.189267,18,726908588,0.145381,19,934266453,0.186853,Total,18565499077,0.185654
270000,0,221843960,0.0443686,1,226086658,0.0452172,2,271590382,0.0543179,3,223125929,0.044625,4,161403676,0.0322806,5,208330792,0.041666,6,181269512,0.0362538,7,207198922,0.0414396,8,186353063,0.0372705,9,126263355,0.0252526,10,93965616,0.0187931,11,230415345,0.0460829,12,154372977,0.0308745,13,232538604,0.0465075,14,218345201,0.0436689,15,262362024,0.0524722,16,256191192,0.051238,17,214759126,0.0429517,18,209970055,0.0419939,19,209859775,0.0419718,Total,4096246164,0.0409623
280000,0,143870560,0.028774,1,58105141,0.011621,2,111989045,0.0223977,3,3997215,0.00079944,4,5226245,0.00104524,5,46326262,0.00926522,6,88227500,0.0176454,7,98402098,0.0196803,8,104460847,0.0208921,9,73424736,0.0146849,10,90676462,0.0181352,11,65232352,0.0130464,12,131074842,0.0262149,13,123396020,0.0246791,14,140016321,0.0280032,15,99810939,0.0199621,16,79676830,0.0159353,17,95524027,0.0191047,18,0,0,19,0,0,Total,1559437442,0.0155943
290000,0,3600382,0.000720073,1,18500048,0.00369999,2,9184644,0.00183692,3,17548629,0.00350971,4,20295397,0.00405906,5,6380736,0.00127614,6,6433621,0.00128672,7,5676743,0.00113534,8,13569549,0.0027139,9,16560299,0.00331204,10,10568697,0.00211373,11,6404786,0.00128095,12,12910388,0.00258206,13,17345928,0.00346917,14,13720099,0.00274401,15,326140,6.52277e-05,16,13111331,0.00262225,17,10758957,0.00215178,18,0,0,19,0,0,Total,202896374,0.00202895
292500,0,5063657,0.00101273,1,2999460,0.000599889,2,4612957,0.000922587,3,3876444,0.000775285,4,4889145,0.000977825,5,134464,2.68927e-05,6,805082,0.000161016,7,1898971,0.000379793,8,3453142,0.000690625,9,0,0,10,0,0,11,0,0,12,0,0,13,0,0,14,0,0,15,0,0,16,0,0,17,0,0,18,0,0,19,0,0,Total,27733322,0.000277332
