10000,0,4556336029,0.911262,1,4722089070,0.944412,2,4774618810,0.954918,3,4472584813,0.894512,4,4678884783,0.935771,5,4515035959,0.903002,6,4454348774,0.890864,7,4606348701,0.921264,8,4622089399,0.924412,9,4643093374,0.928613,10,4533728152,0.90674,11,4697899220,0.939574,12,4632404939,0.926475,13,4515574492,0.903109,14,4620847287,0.924164,15,4497093898,0.899413,16,4585444256,0.917083,17,4588869367,0.917768,18,4519860114,0.903967,19,4510740015,0.902143,Total,91747891452,0.917473
20000,0,4373664469,0.874728,1,4373912977,0.874778,2,4423492929,0.884694,3,4440797654,0.888155,4,4427859353,0.885567,5,4410316419,0.882059,6,4363154508,0.872626,7,4420552972,0.884106,8,4428159663,0.885627,9,4359871697,0.87197,10,4421137999,0.884223,11,4410521146,0.882099,12,4435317608,0.887059,13,4412609989,0.882517,14,4340756079,0.868147,15,4431946085,0.886384,16,4382076271,0.876411,17,4457898149,0.891575,18,4375409026,0.875077,19,4438135030,0.887622,Total,88127590023,0.881271
30000,0,4275292348,0.855055,1,4216978900,0.843392,2,4242850562,0.848566,3,4201143920,0.840225,4,4206823361,0.841361,5,4218152157,0.843627,6,4238838124,0.847764,7,4192816472,0.838559,8,4237933276,0.847583,9,4255893532,0.851175,10,4205089345,0.841014,11,4217597763,0.843516,12,4254114705,0.850819,13,4206945822,0.841385,14,4201917968,0.84038,15,4215101944,0.843017,16,4193459812,0.838688,17,4233044224,0.846605,18,4217021862,0.843401,19,4228077222,0.845612,Total,84459093319,0.844587
40000,0,4040736991,0.808143,1,3997064428,0.799408,2,4017864071,0.803568,3,4007375346,0.801471,4,4006003914,0.801196,5,4010250264,0.802046,6,4008573988,0.80171,7,3984245460,0.796845,8,4036205339,0.807237,9,4015859932,0.803168,10,4026925030,0.805381,11,3989615620,0.797919,12,4041829862,0.808362,13,4006140140,0.801224,14,4016929574,0.803381,15,4036906550,0.807377,16,4001687143,0.800333,17,3998955106,0.799787,18,4032144048,0.806424,19,4044472188,0.80889,Total,80319784994,0.803193
50000,0,3848445670,0.769685,1,3833984826,0.766793,2,3854072412,0.77081,3,3823491706,0.764694,4,3821523445,0.7643,5,3850687372,0.770133,6,3830948338,0.766185,7,3846081889,0.769212,8,3832115778,0.766419,9,3849458580,0.769887,10,3838186535,0.767633,11,3822394151,0.764475,12,3818462529,0.763688,13,3823154537,0.764627,14,3837295800,0.767455,15,3835377057,0.767071,16,3843208147,0.768637,17,3834321658,0.76686,18,3836375556,0.767271,19,3840823643,0.76816,Total,76720409629,0.7672
60000,0,3676503369,0.735297,1,3672062244,0.734409,2,3674469637,0.73489,3,3674691178,0.734934,4,3674649046,0.734926,5,3666956367,0.733387,6,3691145598,0.738225,7,3691132753,0.738223,8,3672188076,0.734434,9,3690039711,0.738004,10,3690478791,0.738092,11,3660878160,0.732172,12,3697224081,0.739441,13,3661139015,0.732224,14,3687850143,0.737566,15,3693807211,0.738758,16,3701801616,0.740356,17,3670898274,0.734176,18,3693350468,0.738666,19,3688939227,0.737784,Total,73630204965,0.736298
70000,0,3474773425,0.694951,1,3480281588,0.696052,2,3475628110,0.695122,3,3465124312,0.693021,4,3481035093,0.696203,5,3474697885,0.694936,6,3492768583,0.69855,7,3490499746,0.698096,8,3475538132,0.695104,9,3487790029,0.697554,10,3476909938,0.695378,11,3467322180,0.69346,12,3479488911,0.695894,13,3456894699,0.691375,14,3466280779,0.693252,15,3477037596,0.695403,16,3469868405,0.69397,17,3484986776,0.696993,18,3458189195,0.691634,19,3482250501,0.696446,Total,69517365883,0.69517
80000,0,3320542163,0.664105,1,3310053644,0.662007,2,3320045344,0.664006,3,3299863504,0.659969,4,3333500697,0.666697,5,3355887310,0.671174,6,3328471392,0.665691,7,3323226185,0.664642,8,3332034749,0.666404,9,3348284434,0.669653,10,3331874895,0.666372,11,3323946413,0.664786,12,3325425614,0.665082,13,3305166136,0.66103,14,3326277814,0.665252,15,3341803848,0.668357,16,3318158123,0.663628,17,3331518163,0.6663,18,3339079177,0.667812,19,3312108547,0.662418,Total,66527268152,0.665269
90000,0,3174311321,0.63486,1,3157445220,0.631487,2,3166481293,0.633294,3,3166484952,0.633295,4,3188925415,0.637783,5,3120865506,0.624171,6,3179813965,0.635961,7,3187799712,0.637558,8,3180760415,0.63615,9,3185616208,0.637121,10,3168416407,0.633681,11,3125489209,0.625096,12,3184457326,0.636889,13,3167133454,0.633424,14,3167882522,0.633574,15,3173561512,0.63471,16,3148927673,0.629783,17,3182120907,0.636422,18,3143680290,0.628734,19,3150428577,0.630083,Total,63320601884,0.633204
100000,0,2977878068,0.595573,1,2920595191,0.584116,2,2905794481,0.581156,3,2975058877,0.595009,4,2958254525,0.591648,5,2933532511,0.586704,6,2974524181,0.594902,7,2942451878,0.588487,8,2938747639,0.587747,9,2883892324,0.576776,10,2930091593,0.586015,11,2972076243,0.594412,12,2959109333,0.591819,13,2950490255,0.590095,14,2940962654,0.58819,15,2949350324,0.589867,16,2951394970,0.590276,17,2974579394,0.594913,18,2958704648,0.591738,19,2964651576,0.592927,Total,58962140665,0.589618
110000,0,2778040179,0.555605,1,2804717228,0.560941,2,2862174487,0.572432,3,2830814306,0.56616,4,2780636468,0.556124,5,2809056904,0.561808,6,2850843712,0.570166,7,2837946377,0.567586,8,2818740233,0.563745,9,2822351237,0.564467,10,2822828580,0.564563,11,2808523718,0.561702,12,2789266430,0.55785,13,2813352215,0.562667,14,2830143878,0.566026,15,2808202881,0.561638,16,2738020200,0.547601,17,2850646554,0.570126,18,2736741268,0.547345,19,2772805737,0.554558,Total,56165852592,0.561656
120000,0,2599646376,0.519926,1,2686754874,0.537348,2,2635540241,0.527105,3,2609385574,0.521874,4,2721098561,0.544217,5,2562759671,0.512549,6,2688850090,0.537767,7,2617350485,0.523467,8,2599095539,0.519816,9,2602763198,0.52055,10,2645827550,0.529162,11,2617265821,0.52345,12,2659231137,0.531843,13,2566864890,0.51337,14,2664377989,0.532873,15,2612773506,0.522552,16,2705591641,0.541115,17,2644532913,0.528904,18,2570514244,0.5141,19,2614039318,0.522805,Total,52624263618,0.52624
130000,0,2488838153,0.497765,1,2511195974,0.502237,2,2513331153,0.502664,3,2406709719,0.481339,4,2390815516,0.478161,5,2420291501,0.484056,6,2452282327,0.490454,7,2500639716,0.500125,8,2466554209,0.493308,9,2464194965,0.492836,10,2480441244,0.496086,11,2497916560,0.499581,12,2486717724,0.497341,13,2435482870,0.487094,14,2459899445,0.491977,15,2528608411,0.505719,16,2522989975,0.504595,17,2514967510,0.502991,18,2456980529,0.491394,19,2537314577,0.50746,Total,49536172078,0.495359
140000,0,2206978329,0.441393,1,2328540745,0.465706,2,2268273089,0.453652,3,2265106605,0.453019,4,2206536619,0.441305,5,2305765295,0.461151,6,2337505806,0.467499,7,2259527149,0.451903,8,2319292038,0.463856,9,2329408049,0.465879,10,2245317626,0.449061,11,2248125918,0.449623,12,2317175922,0.463433,13,2285667548,0.457131,14,2329748490,0.465947,15,2224796278,0.444957,16,2245659723,0.44913,17,2231860485,0.44637,18,2352359148,0.470469,19,2197297211,0.439457,Total,45504942073,0.455047
150000,0,2145248419,0.429047,1,2134195200,0.426837,2,2120428685,0.424084,3,2056211173,0.41124,4,2112941090,0.422586,5,2157743072,0.431546,6,2080175085,0.416033,7,2129400524,0.425878,8,2092724381,0.418543,9,2256622370,0.451322,10,2165639441,0.433126,11,2145312402,0.42906,12,2156839074,0.431366,13,2139733810,0.427945,14,2065829190,0.413164,15,2197548681,0.439507,16,2239613695,0.44792,17,2087434822,0.417485,18,2043919394,0.408782,19,2064207359,0.412839,Total,42591767867,0.425915
160000,0,1968680353,0.393734,1,1920081809,0.384015,2,1911517637,0.382302,3,2022488474,0.404496,4,2021879394,0.404374,5,1973754711,0.394749,6,1991325550,0.398263,7,2093899139,0.418778,8,1858416808,0.371682,9,1962525533,0.392503,10,2095593855,0.419117,11,1991306553,0.39826,12,1973694304,0.394737,13,1984084204,0.396815,14,2035563683,0.407111,15,1969696235,0.393938,16,1978837190,0.395766,17,1933445331,0.386687,18,2023082354,0.404615,19,1991251428,0.398249,Total,39701124545,0.39701
170000,0,1873371291,0.374673,1,1835275804,0.367054,2,1787435709,0.357486,3,1751764510,0.350351,4,1896600230,0.379319,5,1839691985,0.367937,6,1818256620,0.36365,7,1839255216,0.36785,8,1755146053,0.351028,9,1901585789,0.380316,10,1748212805,0.349641,11,1836488879,0.367296,12,1770498841,0.354098,13,1844619095,0.368922,14,1866254069,0.373249,15,1913915395,0.382782,16,1851349134,0.370268,17,1809391235,0.361877,18,1916180525,0.383235,19,1856425947,0.371284,Total,36711719132,0.367116
180000,0,1727430584,0.345484,1,1619848455,0.323968,2,1556339922,0.311266,3,1766427824,0.353284,4,1592179679,0.318434,5,1621996009,0.324398,6,1620530766,0.324105,7,1658347334,0.331668,8,1632067799,0.326412,9,1716220889,0.343243,10,1596505113,0.319299,11,1666331278,0.333265,12,1682208840,0.33644,13,1687191578,0.337437,14,1705905493,0.341179,15,1649606874,0.32992,16,1636921671,0.327383,17,1713541033,0.342707,18,1704801261,0.340959,19,1770229841,0.354044,Total,33324632243,0.333245
190000,0,1606948804,0.321388,1,1449596329,0.289918,2,1645656182,0.329129,3,1617206706,0.323439,4,1504781297,0.300955,5,1438143249,0.287627,6,1560816172,0.312161,7,1484247402,0.296848,8,1541568007,0.308312,9,1552373376,0.310473,10,1376097707,0.275218,11,1539605547,0.307919,12,1529489086,0.305896,13,1482395498,0.296477,14,1590523803,0.318103,15,1552574063,0.310513,16,1575964074,0.315191,17,1442350265,0.288468,18,1429323775,0.285863,19,1537648230,0.307528,Total,30457309572,0.304571
200000,0,1403687954,0.280736,1,1270259476,0.254051,2,1241913004,0.248382,3,1390806741,0.27816,4,1173614255,0.234722,5,1309209632,0.261841,6,1307343502,0.261468,7,1429464710,0.285892,8,1192984029,0.238596,9,1406119190,0.281223,10,1430189548,0.286037,11,1314036063,0.262806,12,1342780139,0.268555,13,1322036694,0.264406,14,1213485104,0.242696,15,1422551178,0.284509,16,1227529531,0.245505,17,1314412829,0.262881,18,1387711157,0.277541,19,1227822103,0.245563,Total,26327956839,0.263278
210000,0,1271019344,0.254203,1,1182285477,0.236456,2,1345331076,0.269065,3,1125485459,0.225096,4,1009569076,0.201913,5,1294331867,0.258865,6,1171630756,0.234325,7,1069195919,0.213838,8,1286243240,0.257248,9,1234155981,0.24683,10,1169656080,0.23393,11,1177159847,0.235431,12,1186766886,0.237352,13,1306903297,0.261379,14,1386356971,0.27727,15,1208749576,0.241749,16,1122755505,0.22455,17,1223144309,0.244628,18,1059880080,0.211975,19,1225249115,0.245049,Total,24055869861,0.240558
220000,0,1177617485,0.235522,1,1035185006,0.207036,2,1063202823,0.21264,3,1100171696,0.220033,4,988604736,0.19772,5,1040939233,0.208187,6,1107953471,0.22159,7,1023693528,0.204738,8,1170861746,0.234171,9,1102641054,0.220527,10,1208015291,0.241602,11,928310514,0.185661,12,1116031873,0.223205,13,915028466,0.183005,14,1105490329,0.221097,15,1018216660,0.203642,16,1041591049,0.208317,17,1078747003,0.215748,18,1044081183,0.208815,19,1034189398,0.206837,Total,21300572544,0.213005
230000,0,860420470,0.172083,1,702967466,0.140593,2,909181059,0.181835,3,869942823,0.173988,4,619811598,0.123962,5,891748600,0.178349,6,985301235,0.197059,7,959330794,0.191865,8,926378201,0.185275,9,730215164,0.146042,10,914573327,0.182914,11,898333740,0.179666,12,877245992,0.175448,13,762549397,0.152509,14,752636111,0.150526,15,768377770,0.153675,16,859148769,0.171829,17,897435513,0.179486,18,924516839,0.184902,19,898414429,0.179682,Total,17008529297,0.170084
240000,0,597884429,0.119576,1,697850577,0.139569,2,530692174,0.106138,3,911091789,0.182217,4,685039310,0.137007,5,680441770,0.136088,6,766530903,0.153305,7,844725399,0.168944,8,835687676,0.167137,9,568003594,0.1136,10,870822299,0.174164,11,652640267,0.130527,12,546030296,0.109205,13,835820719,0.167163,14,723690037,0.144737,15,760683993,0.152136,16,694257372,0.138851,17,845226337,0.169044,18,785932594,0.157186,19,421510654,0.0843017,Total,14254562189,0.142545
250000,0,496777112,0.0993549,1,605555860,0.121111,2,570038054,0.114007,3,567223284,0.113444,4,542728793,0.108545,5,395772534,0.0791541,6,541243704,0.108248,7,348127079,0.0696251,8,598673831,0.119734,9,526958225,0.105391,10,547426171,0.109485,11,605975727,0.121195,12,582061391,0.116412,13,497794527,0.0995584,14,473221994,0.0946439,15,519953242,0.10399,16,661112300,0.132222,17,558870621,0.111774,18,508844452,0.101768,19,670422170,0.134084,Total,10818781071,0.108187
252500,0,463834160,0.0927664,1,521826591,0.104365,2,703189421,0.140637,3,674469686,0.134893,4,618779847,0.123755,5,656295269,0.131258,6,597227697,0.119445,7,669530959,0.133906,8,436029059,0.0872054,9,629610623,0.125922,10,448134015,0.0896264,11,513938570,0.102787,12,589569340,0.117913,13,425466241,0.0850928,14,594852070,0.11897,15,574697467,0.114939,16,473703127,0.0947402,17,604636945,0.120927,18,481828893,0.0963653,19,320292478,0.0640582,Total,10997912458,0.109979
255000,0,601667861,0.120333,1,404336182,0.0808669,2,527827771,0.105565,3,495260210,0.0990517,4,472123908,0.0944244,5,538305904,0.107661,6,526062565,0.105212,7,405985674,0.0811968,8,436148571,0.0872294,9,528865634,0.105773,10,552751418,0.11055,11,495381206,0.0990759,12,410502261,0.0821001,13,536522579,0.107304,14,422630398,0.0845258,15,532891994,0.106578,16,406242295,0.0812481,17,527160886,0.105432,18,582234004,0.116446,19,333031340,0.066606,Total,9735932661,0.0973589
257500,0,405419173,0.0810835,1,454803940,0.0909605,2,437741390,0.087548,3,428918988,0.0857835,4,364349325,0.0728696,5,421935725,0.0843868,6,502523843,0.100504,7,426529142,0.0853055,8,388913085,0.0777823,9,522151967,0.10443,10,452539850,0.0905076,11,327889397,0.0655776,12,241375864,0.048275,13,481613201,0.0963223,14,262834584,0.0525667,15,229932031,0.0459862,16,423055386,0.0846108,17,439935993,0.0879869,18,529344176,0.105868,19,364650709,0.0729299,Total,8106457769,0.0810643
260000,0,390592484,0.0781181,1,454715542,0.0909427,2,533949017,0.106789,3,303883610,0.0607764,4,365288135,0.0730573,5,437738623,0.0875473,6,466882235,0.093376,7,513197367,0.102639,8,344172855,0.0688342,9,543519718,0.108703,10,501625870,0.100325,11,451235419,0.0902466,12,395704005,0.0791404,13,395979266,0.0791955,14,387327298,0.0774651,15,521491573,0.104298,16,476139103,0.0952274,17,375209450,0.0750415,18,518566727,0.103713,19,395221632,0.0790439,Total,8772439929,0.087724
262500,0,283647396,0.0567292,1,228255093,0.0456508,2,259469784,0.0518937,3,362023336,0.0724043,4,298989532,0.0597976,5,243783003,0.0487563,6,414437192,0.082887,7,325440352,0.0650877,8,304586521,0.060917,9,310672045,0.0621341,10,247705418,0.0495408,11,318988906,0.0637974,12,211218588,0.0422435,13,362404047,0.0724804,14,350757725,0.0701512,15,264767157,0.0529531,16,280343106,0.0560683,17,263946533,0.052789,18,103152535,0.0206304,19,192900550,0.0385799,Total,5627488819,0.0562746
265000,0,332779762,0.0665557,1,244639872,0.0489278,2,312476656,0.0624951,3,246559186,0.0493117,4,280086506,0.0560171,5,257332340,0.0514663,6,272537335,0.0545073,7,239321099,0.047864,8,229989577,0.0459977,9,321521019,0.064304,10,240329723,0.0480658,11,222488035,0.0444974,12,270426523,0.0540851,13,158921744,0.0317842,14,304015079,0.0608028,15,227822840,0.0455644,16,332085050,0.0664168,17,226588098,0.0453174,18,81420164,0.016284,19,219466753,0.0438932,Total,5020807361,0.0502079
267500,0,266865368,0.0533729,1,293058289,0.0586114,2,224556491,0.0449111,3,291918308,0.0583834,4,133814129,0.0267627,5,327581046,0.065516,6,274650421,0.0549299,7,308433063,0.0616864,8,240381281,0.0480761,9,288637341,0.0577272,10,297349928,0.0594698,11,300760683,0.0601519,12,304969417,0.0609937,13,270500350,0.0540999,14,129480777,0.0258961,15,317219292,0.0634436,16,376945657,0.0753888,17,202701420,0.0405401,18,222939519,0.0445877,19,234953988,0.0469906,Total,5307716768,0.053077
270000,0,199850451,0.0399699,1,150381072,0.0300761,2,216151812,0.0432302,3,220364047,0.0440726,4,214077039,0.0428152,5,196784683,0.0393568,6,185496911,0.0370992,7,307467989,0.0614934,8,270693002,0.0541384,9,231811161,0.046362,10,147726012,0.0295451,11,137097594,0.0274194,12,275313667,0.0550625,13,221492780,0.0442984,14,169090151,0.0338179,15,139288925,0.0278577,16,79741493,0.0159482,17,167104099,0.0334207,18,205296653,0.0410592,19,136992343,0.0273984,Total,3872221884,0.0387221
272500,0,166698645,0.0333396,1,198744671,0.0397487,2,199342196,0.0398682,3,193054371,0.0386107,4,215925216,0.0431848,5,162869606,0.0325738,6,194027433,0.0388053,7,228178633,0.0456355,8,23878512,0.00477568,9,183079161,0.0366157,10,135936723,0.0271872,11,48202890,0.00964053,12,182043176,0.0364085,13,166450204,0.0332899,14,116595734,0.023319,15,2858932,0.000571784,16,132961693,0.0265922,17,118884581,0.0237768,18,145042092,0.0290083,19,28483556,0.00569668,Total,2843258025,0.0284324
275000,0,148118922,0.0296236,1,112080386,0.022416,2,183982972,0.0367964,3,114236969,0.0228473,4,147147685,0.0294294,5,79339700,0.0158679,6,75318857,0.0150637,7,62013244,0.0124026,8,105011133,0.0210021,9,138425087,0.0276849,10,107417744,0.0214834,11,142647679,0.0285294,12,161786311,0.0323571,13,134558488,0.0269115,14,172230848,0.034446,15,152524381,0.0305047,16,102477966,0.0204955,17,109650901,0.0219301,18,0,0,19,0,0,Total,2248969273,0.0224896
277500,0,28275038,0.00565498,1,61135145,0.012227,2,35854880,0.00717094,3,34978024,0.00699557,4,32459297,0.00649183,5,50006592,0.0100013,6,46371792,0.00927431,7,56143026,0.0112285,8,46707160,0.00934138,9,39832418,0.00796644,10,67183371,0.0134366,11,72659562,0.0145318,12,32957056,0.00659138,13,50654403,0.0101308,14,56021874,0.0112043,15,85403161,0.0170805,16,40696752,0.00813931,17,66860733,0.0133721,18,42180231,0.008436,19,38216666,0.00764329,Total,984597181,0.00984592
280000,0,77739019,0.0155477,1,118602376,0.0237204,2,55281808,0.0110563,3,71760546,0.0143521,4,94227555,0.0188454,5,52084713,0.0104169,6,108056432,0.0216112,7,111349187,0.0222697,8,102301774,0.0204603,9,47890621,0.00957809,10,104461913,0.0208923,11,112584329,0.0225168,12,95265957,0.0190531,13,107538898,0.0215077,14,100798351,0.0201596,15,98610173,0.019722,16,43901371,0.00878024,17,60438797,0.0120877,18,61275300,0.012255,19,37743453,0.00754866,Total,1661912573,0.0166191
282500,0,74661114,0.0149322,1,79878152,0.0159756,2,108885351,0.021777,3,150052343,0.0300104,4,73136700,0.0146273,5,123706118,0.0247411,6,110706607,0.0221412,7,113988825,0.0227977,8,129753341,0.0259506,9,83025815,0.0166051,10,99008863,0.0198017,11,86242262,0.0172484,12,101336618,0.0202672,13,167907008,0.0335813,14,110056295,0.0220112,15,46419159,0.0092838,16,67101547,0.0134203,17,71478717,0.0142957,18,102333389,0.0204666,19,77301473,0.0154602,Total,1976979697,0.0197697
285000,0,29104315,0.00582084,1,20077201,0.00401542,2,10315995,0.00206319,3,30234001,0.00604678,4,25865115,0.005173,5,17166359,0.00343326,6,28731719,0.00574632,7,7576618,0.00151532,8,23392187,0.00467842,9,19910382,0.00398206,10,22453890,0.00449076,11,16257743,0.00325154,12,3238458,0.000647689,13,14000051,0.0028,14,15219735,0.00304394,15,8142646,0.00162852,16,0,0,17,0,0,18,0,0,19,0,0,Total,291686415,0.00291685
287500,0,7761039,0.0015522,1,593276,0.000118654,2,18182421,0.00363646,3,14586170,0.00291722,4,6563427,0.00131268,5,19861057,0.00397219,6,23481145,0.0046962,7,16775242,0.00335503,8,3482741,0.000696544,9,16432808,0.00328654,10,18541371,0.00370825,11,12150748,0.00243013,12,6466605,0.00129331,13,8000919,0.00160017,14,10525120,0.00210501,15,15172214,0.00303442,16,163004,3.26006e-05,17,2077314,0.00041546,18,767583,0.000153516,19,0,0,Total,201584204,0.00201583
290000,0,4757712,0.000951537,1,6919036,0.0013838,2,3702336,0.000740463,3,3659089,0.000731814,4,2920001,0.000583997,5,5567550,0.0011135,6,4249537,0.000849903,7,3598349,0.000719666,8,1218991,0.000243797,9,0,0,10,0,0,11,0,0,12,0,0,13,0,0,14,0,0,15,0,0,16,0,0,17,0,0,18,0,0,19,0,0,Total,36592601,0.000365924
292500,0,70704,1.41407e-05,1,836523,0.000167304,2,432385,8.64767e-05,3,204344,4.08686e-05,4,0,0,5,0,0,6,0,0,7,0,0,8,0,0,9,0,0,10,0,0,11,0,0,12,0,0,13,0,0,14,0,0,15,0,0,16,0,0,17,0,0,18,0,0,19,0,0,Total,1543956,1.54395e-05
