29847,9948,4960,16035,30539,10025144,10230317,10702867
59820,19939,4903,17458,34670,42602,10564537,11282585
89669,29889,4871,18847,39686,76856,10938889,11859919
119932,39976,4893,19220,42943,90064,11232528,12674945
150139,50045,4855,21279,46304,10058532,11426042,12473754
180407,60134,4868,21625,47659,60643,11515988,12625001
209323,69773,4861,21878,49835,10042137,11778567,13064944
240286,80094,4865,22233,50817,10057230,11784328,13118509
270634,90210,4859,21557,51442,62284,11929162,13274860
300329,100108,4869,21230,52484,10044006,12025574,13106752
328897,109630,4846,20424,52402,10054220,11973202,13279695
359877,119957,4840,20082,53038,156482,12016186,13205330
390530,130175,4854,19554,53347,76143,12018494,13515685
420738,140244,4848,18920,53156,10096730,11962995,13202987
450647,150213,4864,18383,52319,10181986,11992635,13292932
479942,159978,4850,18241,52257,252911,11981704,13279744
510187,170060,4851,18049,51841,10125153,11926726,13032498
540334,180109,4856,17871,51780,232818,11960654,13165922
571316,190436,4822,17547,51366,263618,11997213,13411915
600497,200163,4866,17330,51380,10234113,12101310,17584143
629405,209799,4855,17208,51328,10001720,12153790,15898925
659785,219925,4846,17000,51017,204701,12260695,20857045
690030,230007,4821,16554,53320,1398744,12720367,35335289
719853,239948,4843,16200,54906,10258129,13821560,32131329
750635,250208,4863,15151,61915,10451041,17546717,183184048
757266,252418,4834,15077,62646,10093883,18834118,114404179
765457,255149,4850,15248,57742,1736001,15303821,86283787
771923,257304,4845,14409,62729,10170140,17720099,173790358
780433,260141,4849,14214,64706,10185264,18533935,194278556
787350,262446,4824,6825,67230,10552079,19116689,110541270
795482,265157,4849,6165,74663,10995752,20670734,159470939
803266,267752,4843,6184,75860,10811335,20025808,206469338
809717,269902,4832,6147,77064,10704412,20801823,197491658
817122,272370,4840,6034,81535,11109823,21712700,266281871
824946,274978,4837,5949,129884,11753595,25120636,804243547
833097,277695,4816,5917,142323,12223174,26194524,1437879015
840362,280117,4857,5919,133762,11643518,26919994,813119486
848094,282694,4843,5880,3520236,15725318,27224899,840662508
854393,284794,4842,5781,1860384,17009155,28874464,965724077
862763,287583,4807,5772,1788857,18098018,32215155,1933080554
870426,290138,4848,5756,1620823,17891225,32610868,2601059629
878425,292804,4841,5790,3414663,17324787,30940981,2771815531