37050.760,37140.250,4881,5215,27401,34833,10392441,16362324
74101.519,74134.375,4893,5287,28842,10307427,10504530,17441960
111152.279,111033.750,4816,5354,27391,35540,10501250,15885611
148203.038,148254.500,4846,5513,38585,10348064,11315048,24226441
185253.798,184971.375,4820,5542,27195,10351396,10785446,15701510
222304.557,221936.500,4838,5803,44252,10396713,11525428,23105232
259355.317,259488.000,4898,5951,30583,40410,11223742,17004339
296406.076,296341.250,4846,7840,65045,10622217,13725426,31215979
303816.228,303628.500,4832,7687,50750,70189,13652481,24864438
311226.380,311485.750,4861,12546,95744,10559824,16769388,40251373
318636.532,319052.000,4792,16072,130151,144944,19430469,49238910
326046.684,326203.500,4892,21999,130656,147082,22434259,50862083
333456.836,333207.000,4853,28451,165454,182079,27998349,60792027
340866.988,340919.500,4922,358341,826015,841782,243672158,270691341
348277.140,347631.125,706645,1383522,2272386,2292099,607772711,705020737
