37050.760,37055.500,4848,5210,16648,24884,10513403,14956622
74101.519,74066.625,4867,5275,18138,25701,10639993,15371107
111152.279,111176.500,4805,5354,20719,30347,10853758,17893622
148203.038,148244.500,4885,5521,20702,37950,11008996,20486281
185253.798,185561.750,4888,5620,20621,27520,11286377,17748482
222304.557,222145.375,4801,5786,21312,30506,11434056,18385003
259355.317,259327.250,4784,6073,23289,32219,11922275,19921134
296406.076,296177.125,4876,8663,63146,78568,14916199,37795916
303816.228,303930.875,4822,9862,51390,72897,16081540,33322716
311226.380,311269.750,4829,14460,97006,10976232,23175673,53224252
318636.532,318766.125,4908,22101,144468,156664,32432034,75424665
326046.684,326062.750,4854,124130,288789,467120,115983400,141606892
333456.836,333297.375,326238,833078,1338227,1350747,523432829,636596381
340866.988,340601.625,342723,1066433,1747358,1760285,691692754,831916975
